 FHNDLR:   Program: SHAPE, Version: LV  12 Oct 1999                  TM: 22:25
                                                                     04-Jul-22

           FOR001: ../../kstr/lat_fcc/smx/lat_fcc.tfh                          
           FOR002: shp/lat_fcc.shp                                             
           FOR006: prn/lat_fcc.prn                                             
 
       EMTO versio: not available
 current branch on: not available
   commit hash key: not available
        compile on: Thu Apr  9 21:06:12 KST 2020
           OS info: Linux 3.10.0-957.el7.x86_64 x86_64 GNU/Linux
          CPU-info: Intel(R) Xeon(R) CPU E5-2630 v4 @ 2.20GHz
     compiler-info: ifort (IFORT) 18.0.5 20180823
   BLAS and LAPACK: mkl

 INPUT     NSR =  129 LMAX=   30 NFI =   11 IVEF=    3

 TRNSFM:  Slope matrices, lat_fcc   , (kappa*w)^2=   0.0            04-Jul-22  

           Site number :   1

 BLATTS:   Si  =  0.353553 WSA =  0.390796 Sc  =  0.500000

           NSC =   14 NVN =   12

        1 -0.50000000  0.00000000 -0.50000000  0.70710678   4

           0.00000000  0.00000000 -0.50000000  0.50000000
          -0.25000000 -0.25000000 -0.25000000  0.43301270
          -0.50000000  0.00000000  0.00000000  0.50000000
          -0.25000000  0.25000000 -0.25000000  0.43301270

        2  0.00000000  0.50000000 -0.50000000  0.70710678   4

           0.00000000  0.00000000 -0.50000000  0.50000000
          -0.25000000  0.25000000 -0.25000000  0.43301270
           0.00000000  0.50000000  0.00000000  0.50000000
           0.25000000  0.25000000 -0.25000000  0.43301270

        3  0.50000000  0.50000000  0.00000000  0.70710678   4

           0.00000000  0.50000000  0.00000000  0.50000000
           0.25000000  0.25000000  0.25000000  0.43301270
           0.50000000  0.00000000  0.00000000  0.50000000
           0.25000000  0.25000000 -0.25000000  0.43301270

        4  0.00000000 -0.50000000 -0.50000000  0.70710678   4

           0.00000000  0.00000000 -0.50000000  0.50000000
           0.25000000 -0.25000000 -0.25000000  0.43301270
           0.00000000 -0.50000000  0.00000000  0.50000000
          -0.25000000 -0.25000000 -0.25000000  0.43301270

        5  0.00000000  0.50000000  0.50000000  0.70710678   4

           0.00000000  0.50000000  0.00000000  0.50000000
          -0.25000000  0.25000000  0.25000000  0.43301270
           0.00000000  0.00000000  0.50000000  0.50000000
           0.25000000  0.25000000  0.25000000  0.43301270

        6 -0.50000000  0.00000000  0.50000000  0.70710678   4

          -0.50000000  0.00000000  0.00000000  0.50000000
          -0.25000000 -0.25000000  0.25000000  0.43301270
           0.00000000  0.00000000  0.50000000  0.50000000
          -0.25000000  0.25000000  0.25000000  0.43301270

        7  0.50000000  0.00000000 -0.50000000  0.70710678   4

           0.00000000  0.00000000 -0.50000000  0.50000000
           0.25000000  0.25000000 -0.25000000  0.43301270
           0.50000000  0.00000000  0.00000000  0.50000000
           0.25000000 -0.25000000 -0.25000000  0.43301270

        8 -0.50000000 -0.50000000  0.00000000  0.70710678   4

          -0.25000000 -0.25000000 -0.25000000  0.43301270
           0.00000000 -0.50000000  0.00000000  0.50000000
          -0.25000000 -0.25000000  0.25000000  0.43301270
          -0.50000000  0.00000000  0.00000000  0.50000000

        9 -0.50000000  0.50000000  0.00000000  0.70710678   4

          -0.25000000  0.25000000 -0.25000000  0.43301270
          -0.50000000  0.00000000  0.00000000  0.50000000
          -0.25000000  0.25000000  0.25000000  0.43301270
           0.00000000  0.50000000  0.00000000  0.50000000

       10  0.50000000  0.00000000  0.50000000  0.70710678   4

           0.25000000  0.25000000  0.25000000  0.43301270
           0.00000000  0.00000000  0.50000000  0.50000000
           0.25000000 -0.25000000  0.25000000  0.43301270
           0.50000000  0.00000000  0.00000000  0.50000000

       11  0.50000000 -0.50000000  0.00000000  0.70710678   4

           0.50000000  0.00000000  0.00000000  0.50000000
           0.25000000 -0.25000000  0.25000000  0.43301270
           0.00000000 -0.50000000  0.00000000  0.50000000
           0.25000000 -0.25000000 -0.25000000  0.43301270

       12  0.00000000 -0.50000000  0.50000000  0.70710678   4

           0.00000000 -0.50000000  0.00000000  0.50000000
           0.25000000 -0.25000000  0.25000000  0.43301270
           0.00000000  0.00000000  0.50000000  0.50000000
          -0.25000000 -0.25000000  0.25000000  0.43301270

           V(tetra) =  0.25000000  V(atom)  =  0.25000000

 RSORT:    Faces, edges, and vertexes as break points

 RMESH:    NINT  =           4
           RINT( 1)=  0.35355339
           RINT( 2)=  0.40824829
           RINT( 3)=  0.43301270
           RINT( 4)=  0.50000000
           NSRI( 1)=          51 DSRI( 1)=  0.00109390
           NSRI( 2)=          25 DSRI( 2)=  0.00103185
           NSRI( 3)=          61 DSRI( 3)=  0.00111645
 SETROT:   Number of non equivalent tetrahedra :  2

 UPDATE:   Test convergence and store.

            l     d(l)      D(l)     %
 
            0  0.577074  0.577074  42.3
            1  0.000000  0.577074  42.3
            2  0.000000  0.577074  42.3
            3  0.000000  0.577074  42.3
            4  0.072856  0.649930  35.0
            5  0.000000  0.649930  35.0
            6  0.142156  0.792086  20.8
            7  0.000000  0.792086  20.8
            8  0.041862  0.833947  16.6
            9  0.000000  0.833947  16.6
           10  0.004095  0.838042  16.2
           11  0.000000  0.838042  16.2
           12  0.044166  0.882208  11.8
           13  0.000000  0.882208  11.8
           14  0.007905  0.890113  11.0
           15  0.000000  0.890113  11.0
           16  0.010292  0.900405  10.0
           17  0.000000  0.900405  10.0
           18  0.012948  0.913353   8.7
           19  0.000000  0.913353   8.7
           20  0.009230  0.922583   7.7
           21  0.000000  0.922583   7.7
           22  0.002287  0.924870   7.5
           23  0.000000  0.924870   7.5
           24  0.009838  0.934708   6.5
           25  0.000000  0.934708   6.5
           26  0.003106  0.937814   6.2
           27  0.000000  0.937814   6.2
           28  0.003880  0.941694   5.8
           29  0.000000  0.941694   5.8
           30  0.004230  0.945925   5.4

           Number of non-vanishing shape functions :  71

           Sigma(0,1)  =  3.544908
           Sigma(0,NSR)= -0.000000

                     Volume
           Inscribed     0.1851201224
           Integrated    0.0648799259
           Summed        0.2500000483
           Exact         0.2500000000

           Error :   0.000000 %
